
Common sequences (Array1 & Array2): [[29, 108, 98, 22, 35], [101, 20, 59], [76, 50, 11], [66, 13, 104]]
Common sequences (Array1 & Array3): [[42, 109, 28, 131, 44], [4, 46, 117, 26], [81, 18, 31], [86, 36, 138, 112, 9, 89]]
Common sequences (Array2 & Array3): [[1, 71, 40]]


91, 74, 99, 48, 86, 36, 138, 9, 112, 89, 19, 21, 41, 26, 117, 46, 4, 63, 24, 98, 108, 6, 52, 107, 30, 60, 103, 0, 79, 128, 87, 37, 110, 75, 130, 47, 27, 29, 109, 42, 28, 131, 44, 10, 96, 7, 115, 100, 93, 12, 43, 126, 58, 8, 125, 35, 55, 67, 51, 62, 34, 22, 116, 94, 124, 137, 49, 3, 65, 17, 77, 104, 13, 66, 105, 72, 16, 92, 102, 95, 69, 39, 85, 50, 11, 5, 122, 38, 76, 23, 119, 25, 118, 40, 15, 101, 20, 59, 127, 2, 31, 81, 18, 33, 97, 14, 32, 84, 1, 113, 91
91, 59, 2, 114, 113, 1, 84, 32, 14, 97, 81, 33, 18, 31, 64, 57, 101, 20, 48, 86, 36, 138, 112, 89, 9, 40, 54, 25, 119, 68, 23, 56, 82, 120, 69, 95, 102, 49, 3, 105, 13, 77, 17, 104, 65, 73, 30, 47, 27, 66, 72, 16, 92, 39, 44, 10, 96, 7, 83, 26, 117, 46, 63, 4, 41, 38, 76, 50, 11, 85, 5, 131, 28, 109, 42, 8, 55, 67, 51, 62, 34, 106, 130, 110, 37, 135, 107, 52, 60, 103, 111, 0, 87, 79, 128, 45, 132, 75, 6, 29, 108, 98, 22, 35, 125, 58, 24, 126, 43, 12, 93, 100, 115, 21, 19, 15, 99, 74, 91
91, 1, 113, 99, 15, 40, 118, 119, 25, 68, 23, 76, 50, 85, 5, 11, 69, 39, 44, 131, 28, 10, 12, 63, 83, 26, 117, 46, 4, 115, 100, 7, 43, 126, 24, 58, 8, 67, 55, 98, 108, 22, 35, 34, 45, 132, 75, 110, 37, 135, 103, 60, 111, 0, 79, 87, 52, 107, 6, 29, 3, 92, 16, 66, 17, 77, 13, 104, 65, 73, 30, 47, 27, 105, 72, 49, 124, 94, 137, 109, 42, 93, 41, 21, 19, 89, 9, 112, 138, 138, 36, 86, 48, 20, 101, 2, 127, 59, 74, 91
91, 127, 2, 101, 20, 59, 74, 99, 15, 36, 86, 112, 138, 9, 89, 19, 41, 21, 38, 122, 5, 85, 50, 11, 69, 95, 102, 131, 42, 109, 124, 137, 94, 108, 6, 29, 35, 55, 51, 62, 34, 132, 45, 110, 75, 135, 107, 52, 37, 87, 128, 79, 0, 111, 103, 60, 123, 30, 47, 27, 3, 116, 22, 98, 67, 125, 8, 24, 58, 44, 39, 96, 7, 100, 115, 46, 4, 63, 83, 26, 117, 43, 12, 93, 10, 28, 49, 72, 105, 66, 13, 104, 65, 17, 77, 92, 16, 80, 56, 23, 68, 25, 119, 134, 118, 40, 71, 1, 113, 114, 18, 33, 81, 14, 97, 97, 32, 84, 31, 91
91, 113, 1, 71, 40, 118, 134, 119, 25, 76, 38, 19, 21, 41, 26, 46, 117, 83, 136, 126, 125, 55, 51, 62, 34, 132, 45, 110, 75, 52, 107, 135, 87, 0, 79, 128, 37, 130, 6, 108, 98, 22, 67, 35, 109, 28, 10, 96, 5, 50, 11, 85, 39, 69, 49, 3, 29, 116, 94, 137, 124, 42, 8, 58, 24, 12, 43, 63, 4, 115, 100, 7, 44, 95, 102, 92, 16, 72, 105, 66, 13, 104, 77, 17, 65, 73, 30, 47, 27, 120, 82, 56, 23, 68, 54, 89, 112, 138, 36, 86, 9, 15, 99, 48, 20, 101, 101, 59, 2, 127, 74, 91

Score: 2703416, Population: 2703416, Distance: 1494, Cities: [91, 74, 99, 15, 9, 112, 138, 36, 89, 19, 21, 41, 7, 100, 115, 4, 46, 117, 26, 83, 63, 93, 12, 43, 126, 24, 58, 8, 125, 35, 67, 55, 34, 98, 22, 108, 106, 130, 75, 110, 37, 87, 135, 52, 107, 103, 0, 111, 60, 123, 30, 73, 65, 104, 17, 77, 13, 66, 105, 27, 47, 6, 29, 3, 72, 16, 92, 49, 94, 124, 137, 109, 42, 28, 131, 10, 44, 39, 69, 120, 82, 11, 85, 5, 50, 76, 23, 68, 25, 54, 40, 71, 1, 84, 32, 97, 14, 81, 18, 33, 64, 57, 20, 59, 2, 91]


[91, 74, 99, 15, 9, 112, 138, 36, 89, 19, 21, 41, 7,
100, 115, 4, 46, 117, 26, 83, 63, 93, 12, 43, 126,
24, 58, 8, 125, 35, 67, 55, 34, 98, 22, 108, 106,
130, 75, 110, 37, 87, 135, 52, 107, 103, 0, 111,
60, 123, 30, 73, 65, 104, 17, 77, 13, 66, 105, 27,
47, 6, 29, 3, 72, 16, 92, 49, 94, 124, 137, 109, 42,
28, 131, 10, 44, 39, 69, 120, 82, 11, 85, 5, 50, 76,
23, 68, 25, 54, 40, 71, 1, 84, 32, 97, 14, 81, 18,
33, 64, 57, 20, 59, 2, 91]

